-5 0 -4 0 
-4 -4 0 0 
-3 0 0 -5 
-5 0 -4 -4 
0 0 0 0 
12.0261 -3 -3 -3 
0 0 -3 -5 
0 0 -5 0 
-5 -5 0 0 
0 -4 0 -5 
0 0 0 0 
0 0 0 0 
0 0 0 0 
90 0 0 -1 
0 -4 -3 -3 
0 0 -4 -4 
80 0 -1 -1 
0 0.567008 -5 0.699932 
-5 0.777781 0.629025 0.70001 
-5 0.959273 0.629946 -3 
-4 0 -2 50.4541 
-4 -1 3.7931 56.7891 
-3 -4 2.14317 63.909 
71.1 -2 1.14504 -2 
-4 3.29755 -5 0 
-5 -5 0.106939 0 
0.622917 -5 0 0.70001 
0.69742 -5 0.623709 0.86421 
0.854012 2.33243 0.70001 -5 
44.8182 2.55248 -3 -3 
1.41854 5.48446 -5 -4 
0.86421 1.27504 -4 31.3811 
-3 -4 1.06652 35.3461 
39.8049 0 1.25362 0 
-3 -3 0.936781 0 
-3 -2 0 0 
-3 -3 0 -4 
3.56791 2.34176 -4 17.2593 
-4 -5 2.60774 19.4594 
-4 -5 2.88561 21.9354 
-4 -3 1.04297 24.7213 
27.8555 0.25952 1.18375 -4 
0.446578 0 -3 -3 
15.3046 6.00656 -5 -4 
0.29239 0 -4 -3 
0 0 -5 0 
-4 0 0 -4 
-3 0 -2 -2 
13.5682 2.00868 -5 -5 
-4 0 -3 -5 
0.230684 0 -5 -5 
0 0 -3 0 
0 0 0 -2 
0 0 -1 -3 
2.80822 -4 -4 -5 
0 -4 -4 0 
-5 -4 0 0 
0 -3 0 -5 
0 -3 -4 0 
0 -3 0 0 
-2 -2 0 0 
0 -2 0 -3 
